  File: /tmp/240809iridium.bits
  Size: 567956177 	Blocks: 1109296    IO Block: 4096   regular file
Device: 0,40	Inode: 15705       Links: 1
Access: (0664/-rw-rw-r--)  Uid: ( 1000/jmfriedt)   Gid: ( 1000/jmfriedt)
Access: 2024-08-10 08:37:41.575504144 +0200
Modify: 2024-08-10 08:37:43.983589633 +0200
Change: 2024-08-10 08:37:43.983589633 +0200
 Birth: 2024-08-09 08:35:07.852265063 +0200
